Filename	ReadsMapped	ErrorRate	AverageLength	AverageQuality
Drosophila002_20231207_1500_MN35252_FAX30455_48242de2.rna002_70bps_fast@v3.bwa_full_length.bam	85241	2.949268e-01	114	13.1
Drosophila002_20231207_1500_MN35252_FAX30455_48242de2.rna002_70bps_hac@v3.bwa_full_length.bam	87919	2.816505e-01	117	21.2
Drosophila004_20231208_1307_MN31004_FAX73799_72c200e4.rna004_130bps_fast@v3.0.1.bwa_full_length.bam	14282	3.539968e-01	147	10.4
Drosophila004_20231208_1307_MN31004_FAX73799_72c200e4.rna004_130bps_fast@v5.0.0.bwa_full_length.bam	77815	3.150771e-01	102	10.0
Drosophila004_20231208_1307_MN31004_FAX73799_72c200e4.rna004_130bps_hac@v3.0.1.bwa_full_length.bam	18898	3.231556e-01	150	9.1
Drosophila004_20231208_1307_MN31004_FAX73799_72c200e4.rna004_130bps_hac@v5.0.0.bwa_full_length.bam	98330	2.891575e-01	109	10.3
Drosophila004_20231208_1307_MN31004_FAX73799_72c200e4.rna004_130bps_sup@v3.0.1.bwa_full_length.bam	62427	3.321318e-01	168	6.4
Drosophila004_20231208_1307_MN31004_FAX73799_72c200e4.rna004_130bps_sup@v5.0.0.bwa_full_length.bam	122541	2.802276e-01	114	12.7
Ecoli002_20231208_1312_P2S-00519-A_PAS44628_9e5214a7.rna002_70bps_fast@v3.bwa_full_length.bam	37806	2.293226e-01	183	12.0
Ecoli002_20231208_1312_P2S-00519-A_PAS44628_9e5214a7.rna002_70bps_hac@v3.bwa_full_length.bam	39012	2.350790e-01	179	17.1
Ecoli004_20240105_1224_MN31004_FAX73799_1fe84761.rna004_130bps_fast@v3.0.1.bwa_full_length.bam	15327	3.482386e-01	153	10.9
Ecoli004_20240105_1224_MN31004_FAX73799_1fe84761.rna004_130bps_fast@v5.0.0.bwa_full_length.bam	104145	2.746677e-01	110	10.8
Ecoli004_20240105_1224_MN31004_FAX73799_1fe84761.rna004_130bps_hac@v3.0.1.bwa_full_length.bam	12641	2.971933e-01	159	9.7
Ecoli004_20240105_1224_MN31004_FAX73799_1fe84761.rna004_130bps_hac@v5.0.0.bwa_full_length.bam	130361	2.314869e-01	117	11.6
Ecoli004_20240105_1224_MN31004_FAX73799_1fe84761.rna004_130bps_sup@v3.0.1.T4ref.bwa_full_length.bam	55397	2.918285e-01	168	7.1
Ecoli004_20240105_1224_MN31004_FAX73799_1fe84761.rna004_130bps_sup@v3.0.1.T5ref.bwa_full_length.bam	55615	2.919839e-01	168	7.1
Ecoli004_20240105_1224_MN31004_FAX73799_1fe84761.rna004_130bps_sup@v3.0.1.bwa_full_length.bam	55136	2.916523e-01	168	7.1
Ecoli004_20240105_1224_MN31004_FAX73799_1fe84761.rna004_130bps_sup@v5.0.0.T4ref.bwa_full_length.bam	155131	2.116922e-01	122	15.0
Ecoli004_20240105_1224_MN31004_FAX73799_1fe84761.rna004_130bps_sup@v5.0.0.bwa_full_length.bam	154970	2.115647e-01	123	15.0
Grandeyeast004_20240105_1222_P2S-00519-B_PAS98845_231d7d7e.rna004_130bps_fast@v3.0.1.bwa_full_length.bam	21268	2.619443e-01	166	13.4
Grandeyeast004_20240105_1222_P2S-00519-B_PAS98845_231d7d7e.rna004_130bps_hac@v3.0.1.bwa_full_length.bam	21934	2.405966e-01	144	11.5
Grandeyeast004_20240105_1222_P2S-00519-B_PAS98845_231d7d7e.rna004_130bps_sup@v3.0.1.bwa_full_length.bam	23680	2.454592e-01	151	8.1
HumanFibroblast002_20231207_1455_P2S-00519-B_PAS29437_b7f6c4bd.rna002_70bps_fast@v3.bwa_full_length.bam	42442	2.800688e-01	142	12.1
HumanFibroblast002_20231207_1455_P2S-00519-B_PAS29437_b7f6c4bd.rna002_70bps_hac@v3.bwa_full_length.bam	43328	2.772101e-01	141	17.5
HumanFibroblast004_20231208_1351_MN42516_FAX71838_b8f7b990.rna004_130bps_fast@v3.0.1.bwa_full_length.bam	32534	3.426936e-01	166	11.4
HumanFibroblast004_20231208_1351_MN42516_FAX71838_b8f7b990.rna004_130bps_fast@v5.0.0.bwa_full_length.bam	61335	3.091407e-01	104	10.2
HumanFibroblast004_20231208_1351_MN42516_FAX71838_b8f7b990.rna004_130bps_hac@v3.0.1.bwa_full_length.bam	32176	3.140200e-01	167	9.7
HumanFibroblast004_20231208_1351_MN42516_FAX71838_b8f7b990.rna004_130bps_hac@v5.0.0.bwa_full_length.bam	80572	2.826126e-01	111	10.4
HumanFibroblast004_20231208_1351_MN42516_FAX71838_b8f7b990.rna004_130bps_sup@v3.0.1.bwa_full_length.bam	52336	3.264340e-01	173	6.5
HumanFibroblast004_20231208_1351_MN42516_FAX71838_b8f7b990.rna004_130bps_sup@v5.0.0.bwa_full_length.bam	94070	2.730311e-01	116	12.9
Petityeast004_20240105_1222_P2S-00519-A_PAQ47538_49891fce.rna004_130bps_fast@v3.0.1.bwa_full_length.bam	20178	2.667730e-01	165	13.3
Petityeast004_20240105_1222_P2S-00519-A_PAQ47538_49891fce.rna004_130bps_hac@v3.0.1.bwa_full_length.bam	20743	2.432638e-01	143	11.5
Petityeast004_20240105_1222_P2S-00519-A_PAQ47538_49891fce.rna004_130bps_sup@v3.0.1.bwa_full_length.bam	22865	2.474253e-01	151	8.0
Pus1yeast004_20240105_1330_P2S-00519-A_PAS92267_56de71b8.rna004_130bps_fast@v3.0.1.bwa_full_length.bam	165448	3.061269e-01	182	11.9
Pus1yeast004_20240105_1330_P2S-00519-A_PAS92267_56de71b8.rna004_130bps_hac@v3.0.1.bwa_full_length.bam	161291	2.767770e-01	158	9.1
Pus1yeast004_20240105_1330_P2S-00519-A_PAS92267_56de71b8.rna004_130bps_sup@v3.0.1.bwa_full_length.bam	208602	2.880589e-01	167	6.9
Pus1yeast004_20240105_1330_P2S-00519-A_PAS92267_56de71b8.rna004_130bps_sup@v3.0.1_70plusnts.bwa_full_length.bam	208573	2.880541e-01	167	6.9
Pus2yeast004_20240105_1330_P2S-00519-B_PAS98920_19ba906c.rna004_130bps_fast@v3.0.1.bwa_full_length.bam	97864	3.139825e-01	184	11.7
Pus2yeast004_20240105_1330_P2S-00519-B_PAS98920_19ba906c.rna004_130bps_hac@v3.0.1.bwa_full_length.bam	81177	2.866517e-01	159	9.3
Pus2yeast004_20240105_1330_P2S-00519-B_PAS98920_19ba906c.rna004_130bps_sup@v3.0.1.bwa_full_length.bam	118957	2.962994e-01	167	7.0
Pus2yeast004_20240105_1330_P2S-00519-B_PAS98920_19ba906c.rna004_130bps_sup@v3.0.1_70plusnts.bwa_full_length.bam	118948	2.962909e-01	167	7.0
Pus4yeast002_20231208_1601_MN31004_FAX30455_c72fd68f.rna002_70bps_fast@v3.bwa_full_length.bam	11433	2.604250e-01	113	13.8
Pus4yeast002_20231208_1601_MN31004_FAX30455_c72fd68f.rna002_70bps_hac@v3.bwa_full_length.bam	11599	2.467558e-01	117	22.3
Pus4yeast004_20231208_1152_MN42516_FAX71838_e2d70aac.rna004_130bps_fast@v3.0.1.bwa_full_length.bam	86195	3.187210e-01	170	12.0
Pus4yeast004_20231208_1152_MN42516_FAX71838_e2d70aac.rna004_130bps_hac@v3.0.1.bwa_full_length.bam	93207	2.890450e-01	169	10.4
Pus4yeast004_20231208_1152_MN42516_FAX71838_e2d70aac.rna004_130bps_sup@v3.0.1.bwa_full_length.bam	140528	2.944185e-01	174	7.3
Pus4yeast004_20231208_1152_MN42516_FAX71838_e2d70aac.rna004_130bps_sup@v3.0.1_70plusnts.bwa_full_length.bam	141143	2.930508e-01	174	7.3
T4infectedecoli_20240202_1332_P2S-01618-A_PAU05281_fd3805fc.rna004_130bps_sup@v3.0.1.T4ref.bwa_full_length.bam	157670	2.473540e-01	127	8.8
T4infectedecoli_20240202_1332_P2S-01618-A_PAU05281_fd3805fc.rna004_130bps_sup@v3.0.1.bwa_full_length.bam	157670	2.473540e-01	127	8.8
T4infectedecoli_20240202_1332_P2S-01618-A_PAU05281_fd3805fc.rna004_130bps_sup@v5.0.0.T4ref.bwa_full_length.bam	246439	2.045414e-01	133	15.3
T5infectedecoli.20240202_1332_P2S-01618-B_PAS25444_31820489.rna004_130bps_sup@v3.0.1.T5ref.bwa_full_length.bam	168823	2.492184e-01	126	8.7
T5infectedecoli.20240202_1332_P2S-01618-B_PAS25444_31820489.rna004_130bps_sup@v3.0.1.bwa_full_length.bam	168671	2.491551e-01	126	8.7
Tetrahymena002_20231207_1743_MN35252_FAX30455_c9f80979.rna002_70bps_fast@v3.bwa_full_length.bam	209753	2.983279e-01	113	13.1
Tetrahymena002_20231207_1743_MN35252_FAX30455_c9f80979.rna002_70bps_hac@v3.bwa_full_length.bam	217855	2.845615e-01	116	21.2
Tetrahymena004_20231208_0920_MN42516_FAX71838_a244513d.rna004_130bps_fast@v3.0.1.bwa_full_length.bam	94301	3.360104e-01	183	11.9
Tetrahymena004_20231208_0920_MN42516_FAX71838_a244513d.rna004_130bps_fast@v5.0.0.bwa_full_length.bam	132886	3.049763e-01	114	10.1
Tetrahymena004_20231208_0920_MN42516_FAX71838_a244513d.rna004_130bps_hac@v3.0.1.bwa_full_length.bam	95221	3.113931e-01	170	10.5
Tetrahymena004_20231208_0920_MN42516_FAX71838_a244513d.rna004_130bps_hac@v5.0.0.bwa_full_length.bam	176670	2.799348e-01	120	10.4
Tetrahymena004_20231208_0920_MN42516_FAX71838_a244513d.rna004_130bps_sup@v3.0.1.bwa_full_length.bam	132861	3.174711e-01	179	7.1
Tetrahymena004_20231208_0920_MN42516_FAX71838_a244513d.rna004_130bps_sup@v5.0.0.bwa_full_length.bam	196509	2.694779e-01	117	13.1
Trub1doxH295R004_20231207_1527_MN42516_FAX73799_8b069090.rna004_130bps_fast@v3.0.1.bwa_full_length.bam	73030	3.329844e-01	176	11.5
Trub1doxH295R004_20231207_1527_MN42516_FAX73799_8b069090.rna004_130bps_hac@v3.0.1.bwa_full_length.bam	77596	2.984158e-01	178	9.8
Trub1doxH295R004_20231207_1527_MN42516_FAX73799_8b069090.rna004_130bps_sup@v3.0.1.bwa_full_length.bam	138917	3.107409e-01	184	6.6
Trub1untrH295R004_20231207_1522_MN31004_FAX71838_4571d21c.rna004_130bps_fast@v3.0.1.bwa_full_length.bam	54546	3.137595e-01	174	12.0
Trub1untrH295R004_20231207_1522_MN31004_FAX71838_4571d21c.rna004_130bps_hac@v3.0.1.bwa_full_length.bam	53000	2.856085e-01	171	10.2
Trub1untrH295R004_20231207_1522_MN31004_FAX71838_4571d21c.rna004_130bps_sup@v3.0.1.bwa_full_length.bam	69411	2.984794e-01	177	6.9
Trub1untrH295R004_20231207_1527_MN42516_FAX73799_8b069090.rna004_130bps_fast@v5.0.0.bwa_full_length.bam	79582	2.856939e-01	106	11.1
Trub1untrH295R004_20231207_1527_MN42516_FAX73799_8b069090.rna004_130bps_hac@v5.0.0.bwa_full_length.bam	104306	2.582954e-01	115	11.0
Trub1untrH295R004_20231207_1527_MN42516_FAX73799_8b069090.rna004_130bps_sup@v5.0.0.bwa_full_length.bam	118345	2.460150e-01	122	13.7
WTyeast002_20231111_1103_P2S-00519-A_PAS43478_1fa49e43.rna002_70bps_fast@v3.bwa_full_length.bam	11385	2.664396e-01	182	11.5
WTyeast002_20231111_1103_P2S-00519-A_PAS43478_1fa49e43.rna002_70bps_hac@v3.bwa_full_length.bam	11255	2.756167e-01	177	15.9
WTyeast002_diffligratios_20231113_1421_P2S-00519-A_PAS43478_c33fd818.rna002_70bps_fast@v3.bwa_full_length.bam	13257	2.653317e-01	182	11.5
WTyeast002_diffligratios_20231113_1421_P2S-00519-A_PAS43478_c33fd818.rna002_70bps_hac@v3.bwa_full_length.bam	13194	2.737246e-01	177	16.0
WTyeast004_20231111_1104_P2S-00519-B_PAQ47538_fa3726ec.rna004_130bps_fast@v3.0.1.bwa_full_length.bam	52326	2.997614e-01	178	12.0
WTyeast004_20231111_1104_P2S-00519-B_PAQ47538_fa3726ec.rna004_130bps_fast@v5.0.0.bwa_full_length.bam	70630	2.633094e-01	106	11.3
WTyeast004_20231111_1104_P2S-00519-B_PAQ47538_fa3726ec.rna004_130bps_hac@v3.0.1.bwa_full_length.bam	59030	2.803507e-01	152	9.2
WTyeast004_20231111_1104_P2S-00519-B_PAQ47538_fa3726ec.rna004_130bps_hac@v5.0.0.bwa_full_length.bam	113651	2.559621e-01	116	10.9
WTyeast004_20231111_1104_P2S-00519-B_PAQ47538_fa3726ec.rna004_130bps_sup@v3.0.1.bwa_full_length.bam	60419	2.928312e-01	161	6.7
WTyeast004_20231111_1104_P2S-00519-B_PAQ47538_fa3726ec.rna004_130bps_sup@v3.0.1_70plusnts.bwa_full_length.bam	60517	2.919922e-01	161	6.7
WTyeast004_20231111_1104_P2S-00519-B_PAQ47538_fa3726ec.rna004_130bps_sup@v5.0.0.bwa_full_length.bam	151545	2.421866e-01	129	14.2
Zebrafish002_20231207_1528_P2S-00519-A_PAS44221_7e583c4c.rna002_70bps_fast@v3.bwa_full_length.bam	20099	2.695480e-01	151	12.1
Zebrafish002_20231207_1528_P2S-00519-A_PAS44221_7e583c4c.rna002_70bps_hac@v3.bwa_full_length.bam	20547	2.678114e-01	151	17.2
Zebrafish004_20231208_0919_MN31004_FAX73799_f3dea9f8.rna004_130bps_fast@v3.0.1.bwa_full_length.bam	41625	3.297276e-01	176	11.6
Zebrafish004_20231208_0919_MN31004_FAX73799_f3dea9f8.rna004_130bps_fast@v5.0.0.bwa_full_length.bam	87558	2.991490e-01	108	10.4
Zebrafish004_20231208_0919_MN31004_FAX73799_f3dea9f8.rna004_130bps_hac@v3.0.1.bwa_full_length.bam	45541	3.018566e-01	171	9.8
Zebrafish004_20231208_0919_MN31004_FAX73799_f3dea9f8.rna004_130bps_sup@v3.0.1.bwa_full_length.bam	71736	3.159889e-01	178	6.4
